0 5 31 40 0 0 0  
0 0 27 0 73 0 0 
0 26 0 8 49 25 38 
0 0 0 0 0 16 0 
0 70 0 0 0 0 9 
0 0 0 0 23 0 12 
0 0 0 0 10 0 0 
0 2 12 0 6 
0 0 20 10 2
0 4 0 6 19
0 23 0 0 5
0 15 3 23 0
0 1 3 3 2 4 6 
1 0 5 9 7 3 2
3 5 0 8 7 6 6
3 9 8 0 4 3 2
2 7 7 4 0 5 5
4 3 6 3 5 0 9
6 2 6 2 5 9 0
0 3 5 2 4 
3 0 3 2 1
5 3 0 5 6 
2 2 5 0 8
4 2 6 8 0
0 1.5 3 1 1.5 2 4
1.5 0 2 2.5 2.5 3 3
3 2 0 2 2.5 2 0.5
1 2.5 2 0 1.5 2 3
1.5 2.5 2.5 1.5 0 2 3
2 3 2 2 2 0 6
4 3 0.5 3 3 6 0
0 1 2 2.5 3
1 0 2 2 3.5
2 2 0 4 3
2.5 2 4 0 2
3 3.5 3 2 0